400
-63.7639043094747 -30.8996840061507 0
-63.0510404949185 -31.6049866406448 0
-62.3381766803622 -32.3102892751389 0
-61.625312865806 -33.015591909633 0
-60.9124490512498 -33.7208945441271 0
-60.1710833798831 -34.3960188158567 0
-59.4262311121045 -35.0674514063028 0
-58.6813788443259 -35.7388839967488 0
-57.9365265765473 -36.4103165871948 0
-56.9960418069436 -36.4642279409374 0
-56.0004445708711 -36.344174753338 0
-55.226466088709 -35.9360429275839 0
-54.8551337573702 -35.0045178747643 0
-54.4838014260314 -34.0729928219448 0
-54.1124690946926 -33.1414677691252 0
-53.7407217064878 -32.2101086074965 0
-53.3676951506096 -31.2792607074948 0
-52.9946685947313 -30.348412807493 0
-52.6216420388531 -29.4175649074913 0
-52.2365638221994 -28.4922457912261 0
-51.7743042083951 -27.6023341811358 0
-51.3120445945907 -26.7124225710456 0
-50.8497849807863 -25.8225109609553 0
-50.3784825208196 -24.9392723116581 0
-49.6644577247545 -24.2351450398299 0
-48.9504329286894 -23.5310177680017 0
-48.2364081326243 -22.8268904961736 0
-47.5175191071531 -22.1289754756741 0
-46.6626864382322 -21.6046781054026 0
-45.8078537693114 -21.0803807351311 0
-44.9530211003905 -20.5560833648597 0
-44.0981884314696 -20.0317859945882 0
-43.2727107533697 -19.4625981853842 0
-42.449666327145 -18.8896893821804 0
-41.6266219009203 -18.3167805789765 0
-40.8035774746956 -17.7438717757727 0
-40.0278064744365 -17.109455231422 0
-39.2624173433781 -16.461530774108 0
-38.4970282123197 -15.813606316794 0
-37.7316390812613 -15.16568185948 0
-36.7974256381641 -14.978876839048 0
-35.7946164255745 -14.9794313417731 0
-34.7918072129848 -14.9799858444982 0
-34.273171180921 -15.8282845924559 0
-33.763187697213 -16.691733184251 0
-33.253204213505 -17.5551817760462 0
-32.7432207297969 -18.4186303678414 0
-32.1360399877516 -19.2155370977204 0
-31.5155646404395 -20.0033422561866 0
-30.8950892931274 -20.7911474146527 0
-30.2746139458153 -21.5789525731189 0
-29.514152624419 -21.2060261110099 0
-28.7241710140172 -20.588324176777 0
-27.9341894036155 -19.9706222425441 0
-27.1822941309954 -19.3123546765462 0
-26.5160638510544 -18.5628456116126 0
-25.8498335711134 -17.8133365466789 0
-25.1836032911723 -17.0638274817453 0
-24.5173730112313 -16.3143184168116 0
-23.8511427312903 -15.564809351878 0
-23.1849124513493 -14.8153002869443 0
-22.5186821714083 -14.0657912220107 0
-21.8524518914673 -13.316282157077 0
-21.1862216115262 -12.5667730921434 0
-20.5199913315852 -11.8172640272098 0
-19.8537610516442 -11.0677549622761 0
-19.1875307717032 -10.3182458973425 0
-18.6829943327187 -9.45220328577337 0
-18.1826902301612 -8.58311040852022 0
-17.6823861276038 -7.71401753126708 0
-17.1820820250463 -6.84492465401394 0
-17.3838774797923 -5.89567259747323 0
-17.6754101966236 -4.93617517728653 0
-17.966942913455 -3.97667775709984 0
-18.2584756302863 -3.01718033691314 0
-17.7434672424892 -2.1905470418918 0
-17.1595689044077 -1.3752622112261 0
-16.5756705663261 -0.559977380560395 0
-15.9839005184025 0.248896674358003 0
-15.3037148786812 0.985764450722824 0
-14.6235292389598 1.72263222708766 0
-13.9433435992384 2.45950000345247 0
-13.263157959517 3.19636777981728 0
-12.5829723197957 3.9332355561821 0
-11.9027866800743 4.6701033325469 0
-11.2226010403529 5.40697110891172 0
-10.5424154006316 6.14383888527654 0
-9.8622297609102 6.88070666164136 0
-9.18204412118883 7.61757443800617 0
-8.50185848146746 8.35444221437099 0
-7.82167284174609 9.09130999073581 0
-6.99198034702477 9.63665312507395 0
-6.11204738395341 10.1176360819741 0
-5.23211442088204 10.5986190388743 0
-4.35218145781068 11.0796019957745 0
-3.55692763403734 10.7291391671104 0
-2.79202780717041 10.0806371399841 0
-2.0271279803035 9.43213511285776 0
-1.26222815343656 8.78363308573144 0
-0.497328326569636 8.13513105860513 0
0.267571500297292 7.48662903147882 0
1.03247132716423 6.83812700435251 0
1.79737115403117 6.18962497722619 0
2.5622709808981 5.54112295009988 0
3.32717080776503 4.89262092297357 0
4.09207063463196 4.24411889584726 0
4.85697046149888 3.59561686872095 0
5.6218702883658 2.94711484159465 0
6.38677011523276 2.29861281446832 0
7.15166994209968 1.65011078734202 0
7.91656976896662 1.0016087602157 0
8.68146959583356 0.353106733089379 0
9.44636942270047 -0.295395294036913 0
10.2112692495674 -0.943897321163224 0
10.9761690764343 -1.59239934828954 0
11.6256805408887 -2.30347408247955 0
11.7519260046511 -3.29830507677323 0
11.8781714684136 -4.29313607106693 0
12.004416932176 -5.28796706536064 0
12.2411759988531 -6.1887000588491 0
13.2031550188484 -6.47193669033743 0
14.1651340388437 -6.75517332182577 0
15.127113058839 -7.0384099533141 0
16.0919528432441 -7.2483366603153 0
17.0730783507923 -7.04092556426132 0
18.0542038583405 -6.83351446820733 0
19.0353293658886 -6.62610337215334 0
20.0177111144391 -6.43015360259529 0
21.0204702550822 -6.42011715976435 0
22.0232293957253 -6.4100807169334 0
23.0259885363685 -6.40004427410245 0
24.0207799836298 -6.41696678294239 0
24.856975292711 -6.97050452275669 0
25.6931706017921 -7.52404226257093 0
26.5293659108732 -8.07758000238523 0
27.3655612199544 -8.63111774219949 0
28.2017565290355 -9.18465548201377 0
29.0379518381166 -9.73819322182806 0
29.8741471471978 -10.2917309616423 0
30.7103424562789 -10.8452687014566 0
31.54653776536 -11.3988064412709 0
32.3827330744412 -11.9523441810851 0
33.2189283835223 -12.5058819208994 0
34.0551236926034 -13.0594196607137 0
34.8995236652354 -13.6002746945277 0
35.747201041897 -14.1360635423252 0
36.5948784185585 -14.6718523901227 0
37.4425557952201 -15.2076412379202 0
38.3778172009606 -15.5127177338068 0
39.3675009151311 -15.6744359153258 0
40.3571846293015 -15.8361540968448 0
41.3468683434719 -15.9978722783639 0
42.2988906379823 -15.8264984269955 0
43.2274815448113 -15.447888400606 0
44.1560724516402 -15.0692783742166 0
45.0846633584691 -14.6906683478271 0
46.013254265298 -14.3120583214376 0
46.9418451721269 -13.9334482950481 0
47.8704360789558 -13.5548382686587 0
48.7990269857848 -13.1762282422692 0
49.7276178926137 -12.7976182158797 0
50.6562087994426 -12.4190081894903 0
51.5847997062715 -12.0403981631008 0
52.5133906131004 -11.6617881367113 0
53.4419815199294 -11.2831781103218 0
54.3705724267583 -10.9045680839324 0
55.2991633335872 -10.5259580575429 0
56.2277542404161 -10.1473480311534 0
57.1540456627406 -9.76336067858604 0
58.0692751786032 -9.35350514596275 0
58.9845046944658 -8.94364961333943 0
59.8997342103284 -8.53379408071614 0
60.8016271368612 -8.10275621071374 0
61.5668215405083 -7.45460179319029 0
62.3320159441554 -6.80644737566685 0
63.0972103478025 -6.15829295814337 0
63.8632761141681 -5.51128036502777 0
64.6904039050247 -4.94428279720172 0
65.5175316958813 -4.37728522937565 0
66.3446594867379 -3.81028766154959 0
67.1717872775945 -3.24329009372354 0
67.4161085460894 -2.2973085930017 0
67.5988648497242 -1.31129299585851 0
67.7816211533591 -0.325277398715236 0
67.5152611857875 0.608220464356111 0
67.1099452739742 1.52546941418324 0
66.704629362161 2.44271836401037 0
66.2993134503477 3.35996731383753 0
65.650271637464 4.09169640657179 0
64.8740831509443 4.72664369392899 0
64.0978946644246 5.36159098128618 0
63.3644887599181 5.83805864173538 0
63.0132772687962 4.89876256869349 0
62.6620657776742 3.95946649565163 0
62.3108542865523 3.02017042260975 0
61.9503560669364 2.08472633973001 0
61.5336285991216 1.17260527216459 0
61.1169011313069 0.260484204599139 0
60.7001736634922 -0.651636862966283 0
60.2672669489293 -1.55066054586574 0
59.4619127244841 -2.14818142206702 0
58.6565585000389 -2.74570229826829 0
57.8512042755938 -3.34322317446953 0
57.0458500511486 -3.94074405067079 0
56.101100151377 -3.69800427821317 0
55.1459452512197 -3.39254439372202 0
54.1907903510623 -3.08708450923084 0
53.2839411327655 -2.72623901376795 0
52.8514875255737 -1.82146804719421 0
52.4190339183818 -0.916697080620513 0
51.98658031119 -0.0119261140467928 0
52.0577994564771 0.934483328553795 0
52.3358033076123 1.8979876010311 0
52.6138071587475 2.86149187350838 0
52.8918110098826 3.82499614598569 0
53.3824416647489 4.68504276977846 0
53.9690085984848 5.49840975741426 0
54.5555755322207 6.31177674505 0
55.1421424659565 7.12514373268575 0
55.7447448880907 7.92655389593085 0
56.3569138517305 8.72083078989433 0
56.9690828153703 9.51510768385771 0
57.5812517790101 10.3093845778212 0
58.1507967192675 11.1335450068192 0
58.6888078069631 11.9798136957382 0
59.2268188946586 12.8260823846572 0
59.7648299823541 13.6723510735762 0
60.3453403716093 14.4881976081846 0
60.9729714567679 15.2703138688969 0
61.6006025419265 16.0524301296092 0
62.2282336270851 16.8345463903216 0
62.7680351002127 17.6689196758702 0
63.1559531868878 18.5936608193035 0
63.5438712735628 19.5184019627369 0
63.9317893602379 20.4431431061701 0
63.8417029677172 21.3048263948541 0
63.2272470243076 22.0973353966556 0
62.6127910808979 22.8898443984572 0
61.9983351374882 23.6823534002587 0
61.1237566158939 23.9497496437724 0
60.120984209604 23.9583592611576 0
59.1182118033141 23.9669688785428 0
58.1154393970242 23.9755784959281 0
57.1609182755626 23.6898767848312 0
56.2133899126303 23.3615223638667 0
55.265861549698 23.0331679429023 0
54.3183331867658 22.7048135219379 0
53.3513129641628 22.441938125328 0
52.3784668632719 22.198633607677 0
51.405620762381 21.9553290900261 0
50.4327746614901 21.7120245723751 0
49.441221838808 21.5898572087539 0
48.4402998626759 21.5283606883347 0
47.4393778865437 21.4668641679154 0
46.4384559104115 21.4053676474962 0
45.4402437604276 21.3132901381813 0
44.4441041016065 21.1978241065886 0
43.4479644427854 21.082358074996 0
42.4518247839642 20.9668920434034 0
41.462177191765 20.8109871910935 0
40.4799524498296 20.6088457043617 0
39.4977277078944 20.40670421763 0
38.5155029659591 20.2045627308982 0
37.5330035365961 20.0037690965736 0
36.5500087760164 19.80540598256 0
35.5670140154369 19.6070428685464 0
34.5840192548574 19.4086797545328 0
33.722610775244 19.0432787217796 0
33.2317420086666 18.1688220457076 0
32.7408732420893 17.2943653696357 0
32.2500044755119 16.4199086935637 0
32.1979260511627 15.4209804623118 0
32.1565138571809 14.4190265439514 0
32.1151016631992 13.4170726255911 0
32.0736894692175 12.4151187072307 0
32.0322772752358 11.4131647888704 0
31.9908650812541 10.4112108705101 0
31.9494528872724 9.40925695214976 0
31.9080406932907 8.40730303378941 0
31.4037232549751 7.58847726485705 0
30.7484491998008 6.82937085799206 0
30.0931751446266 6.0702644511272 0
29.4348437924991 5.31703605843618 0
28.4371000509137 5.21636803742063 0
27.4393563093284 5.11570001640509 0
26.4416125677429 5.01503199538954 0
25.4445105396541 4.94293172114529 0
24.4522934780126 5.08829996704346 0
23.4600764163712 5.23366821294162 0
22.4678593547296 5.37903645883981 0
21.476356932453 5.52647102799229 0
20.6063358112816 6.025159180091 0
19.7363146901102 6.52384733218971 0
18.8662935689388 7.02253548428844 0
17.9965453839477 7.52168684924006 0
17.1387263646951 8.04108376349419 0
16.2809073454427 8.56048067774826 0
15.4230883261902 9.07987759200239 0
14.5623017017606 9.5924557523327 0
13.5975915806445 9.86624582984545 0
12.6328814595286 10.1400359073582 0
11.6681713384127 10.4138259848709 0
10.7034612172967 10.6876160623836 0
9.87077431762727 11.2456496279592 0
9.03924023784322 11.8061651928506 0
8.20770615805913 12.3666807577421 0
7.37617207827504 12.9271963226336 0
6.54463799849094 13.4877118875251 0
5.71310391870694 14.0482274524166 0
4.88156983892284 14.6087430173081 0
4.05003575913874 15.1692585821996 0
3.2185016793547 15.729774147091 0
2.38696759957057 16.2902897119826 0
1.55543351978649 16.8508052768741 0
0.723899440002404 17.4113208417656 0
-0.122809032632732 17.9482593050471 0
-0.977402004051789 18.4729472861645 0
-1.8319949754709 18.997635267282 0
-2.68658794688995 19.5223232483995 0
-3.62365511486191 19.7806045877463 0
-4.62522012053656 19.8305461910067 0
-5.626785126211 19.880487794267 0
-6.62825800341416 19.9301750173569 0
-7.36556730332025 19.250468006506 0
-8.10287660322647 18.570760995655 0
-8.84018590313255 17.891053984804 0
-9.57749520303868 17.2113469739531 0
-10.3441406999975 16.5651003458306 0
-11.1144395291427 15.9230206481718 0
-11.8847383582878 15.280940950513 0
-12.655037187433 14.6388612528543 0
-13.4968599257804 14.0976414493623 0
-14.3575934738758 13.5830888441691 0
-15.2183270219711 13.0685362389759 0
-16.0790605700665 12.5539836337827 0
-16.9665462044683 12.0886291193882 0
-17.8663244137815 11.6458811116309 0
-18.7661026230947 11.2031331038736 0
-19.6658808324079 10.7603850961163 0
-20.5656590417213 10.317637088359 0
-21.4654372510344 9.87488908060171 0
-22.3652154603477 9.43214107284438 0
-23.2649936696609 8.9893930650871 0
-24.1647718789741 8.54664505732979 0
-25.0645500882873 8.10389704957251 0
-25.9643282976006 7.66114904181517 0
-26.8641065069138 7.21840103405787 0
-27.7638847162271 6.77565302630056 0
-28.6636629255402 6.3329050185433 0
-29.5634411348535 5.89015701078596 0
-30.4632193441668 5.44740900302865 0
-31.3598803504709 4.99854691725341 0
-32.2467135298795 4.53040854430377 0
-33.1335467092882 4.06227017135412 0
-34.0203798886968 3.59413179840449 0
-34.8955394621183 3.1076026631545 0
-35.6966032756338 2.50434203042272 0
-36.4976670891494 1.90108139769093 0
-37.2987309026649 1.29782076495914 0
-38.0939390723078 0.688169286930413 0
-38.7647831706326 -0.0572130445416443 0
-39.4356272689575 -0.802595376013701 0
-40.1064713672823 -1.54797770748576 0
-40.7773154656072 -2.29336003895782 0
-41.448159563932 -3.03874237042984 0
-42.1190036622569 -3.78412470190191 0
-42.7898477605817 -4.52950703337398 0
-43.4606918589066 -5.27488936484601 0
-44.1315359572314 -6.02027169631807 0
-44.8023800555562 -6.7656540277901 0
-45.4732241538811 -7.51103635926221 0
-46.1440682522059 -8.25641869073423 0
-46.8149123505308 -9.00180102220634 0
-47.4857564488557 -9.74718335367836 0
-48.1566005471806 -10.4925656851505 0
-48.8274446455053 -11.2379480166224 0
-49.4982887438302 -11.9833303480945 0
-50.1691328421551 -12.7287126795666 0
-50.83997694048 -13.4740950110387 0
-51.5108210388048 -14.2194773425107 0
-52.1816651371297 -14.9648596739828 0
-52.8525092354545 -15.7102420054549 0
-53.5233533337793 -16.4556243369269 0
-54.1941974321041 -17.2010066683989 0
-54.865041530429 -17.9463889998709 0
-55.5358856287538 -18.691771331343 0
-56.2067297270787 -19.4371536628151 0
-56.8775738254036 -20.1825359942871 0
-57.5484179237284 -20.9279183257592 0
-58.2192620220532 -21.6733006572312 0
-58.8901061203781 -22.4186829887033 0
-59.5609502187029 -23.1640653201754 0
-60.2270722468278 -23.9135302230997 0
-60.867693345744 -24.6850425249791 0
-61.5083144446602 -25.4565548268586 0
-62.1489355435765 -26.2280671287381 0
-62.7545797020813 -27.0175080922903 0
-63.0069108539297 -27.9880520707554 0
-63.259242005778 -28.9585960492205 0
-63.5115731576264 -29.9291400276857 0

